ACT DR6 scale-dependent lensing modification fit
------------------------------------------------
A0 = 1.002057 +/- 0.028957
alpha = -0.013787 +/- 0.032985
chi2 = 12.287956
AIC = 16.287956
BIC = 16.893126
N = 10
k = 2
